100
1 2
00
01
10 10
1010001000 1000101111 1101010001 0110110110 0001111000 0001001010 0110010101 0111011001 1010100111 1101100110
1011101111 0101010101 1001001000 1110010001 0100011001 0010001010 1110100110 0010111000 1001100111 0101110110
6 8
10010100 01011010 01000011 01010100 10011010 10000011
01111100 01110010 10100101 01100101 10110010 10111100
10 10
1001101100 0111000010 0110000001 1101110000 0101010101 1110111010 1010110010 1000001111 0010111101 0001001111
1001010110 0001101101 1111100011 1010011100 0101010001 0010111001 1110000000 1101011110 0000101110 0110100011
2 3
001 000
011 111
10 10
0010001110 0010010101 1111110100 1100111001 0100110000 0101100110 1001001000 0000001111 1011001011 1111110011
1110100000 1101101101 1010011111 0001011011 0100110010 0011000001 1110100111 0101100100 0011011010 1000011100
9 9
000010001 101010111 111111011 000111010 101000100 011111010 000011111 010011110 111100000
000001000 011111101 110001111 100000011 111100110 010010000 110000111 000010011 101001010
2 6
111011 111111
011010 011110
3 5
11111 00011 10001
10010 11100 00000
10 10
1101001000 1001010001 0011011111 0000000110 0000110110 1110101110 0011110011 0100101001 1110100000 1111011101
1110111100 0010111110 0011001101 0011000011 0000101011 1001001010 1101100101 1101010101 0100110010 1110010000
1 3
100
111
4 4
0111 0110 0000 0001
1111 1000 1001 1110
10 10
0000100001 0010000111 0101000000 0000100101 0010000011 0010101101 0001101010 0001101110 0101000100 0010101001
0000101111 0011000110 0001100100 0011000010 0011101000 0000101011 0100000001 0011101100 0001100000 0100000101
8 8
10110110 01010101 10111100 10011100 10010110 01001110 01101110 01110101
00000000 11111000 11011000 11110010 11010010 00011011 00111011 00100000
2 2
10 00
01 10
9 4
1100 0011 0110 1010 1110 0010 0001 0000 1001
0111 1111 1000 0011 1101 0001 1011 0010 0000
4 5
00100 00101 10111 10101
01100 01101 11101 11111
10 9
111111101 110110100 100001101 000011011 111100001 101000001 111001010 011101111 111010110 111111010
110100000 100011100 110111100 111101001 110001011 110100111 101010000 010110010 001000110 110010111
3 2
11 01 10
11 00 10
4 4
1110 1010 0001 0101
1111 0000 0100 1011
10 10
1111101101 1000010011 0101011100 0110110001 0111010110 1010101110 1000000100 0010001001 1001100011 0101111010
0000111001 0111101100 1010001000 1111001011 0011010100 1101110110 1100000110 0010110011 0000011111 1101100001
4 10
0110111100 1011011001 1011011100 0110111001
1011001001 1011001100 0110101001 0110101100
10 10
1100111000 0000110000 1111011111 0111000001 1000010111 0101111111 1011101110 0000000100 1111001011 0010100000
0011010100 1100011011 0100001000 0111110001 0011000000 1001100000 1110111111 1011011110 1100101111 0000100111
4 9
000001101 110011001 011101100 011010011
011001000 000101001 011110111 110111101
2 7
1010011 1111001
1100110 1001100
7 9
001010101 111010110 011100110 100001011 000001000 001100101 000001101
000000100 111101001 000010001 110100111 101100010 101001011 001001001
10 10
0101001110 1000111100 1111000111 0101100011 0010011001 0101010100 1000111010 0011110000 1010001111 1110100001
1111110001 0010000101 0101111000 0010000011 1111011100 1001001111 0000110000 1000100110 1111101011 0100011110
6 6
110111 011000 110001 011110 100011 001010
011000 001100 110111 100101 011110 110001
2 7
0001111 1101011
0001110 1101010
4 8
01011111 10111100 10111000 01011011
10100000 10100100 01000111 01000011
3 7
0100110 1110000 1111000
1001101 0011011 1000101
3 5
00111 11111 00100
11001 00010 11010
2 5
00110 11011
00010 11111
10 10
1011011001 0000010110 0001000111 1111000111 0110110001 1110111001 1101111010 0011100010 1100001100 0000101100
0110001001 1100010111 1101000110 0011101001 0000101010 0001011100 1101111100 1011100001 1110110010 0010010111
8 7
1110001 0001101 1111001 0000101 0001111 1111011 0000111 1110011
0000101 0001111 0001101 1111001 1110011 1110001 0000111 1111011
2 7
1110000 1101011
1010110 1101100
10 7
1110110 1101001 1000001 1111110 1111100 0110110 0100011 1010100 1101011 1100011
1111110 1010110 1000011 1101001 0110100 0100001 1101011 1110100 1111100 1100001
4 6
001110 111001 011010 101101
110011 010000 100111 000100
10 10
1101000111 1001000000 1110111101 0010111100 1000001110 0100101001 0111110011 0011110011 0101000100 1010011010
0000010011 1101111010 0010000111 1111001101 0011001001 1000110101 0111001110 1110100000 0100110100 1001111010
6 4
1110 0000 0110 1111 1000 1001
1000 1001 1111 1110 0000 0110
3 5
00111 10101 10000
01010 10110 00011
10 10
1001100111 1010100001 0100011100 0011010001 1100001100 1101101000 0110110011 0011111110 0100010111 1011001010
0101111001 0111010100 1000001001 1111100000 0110111111 1010101101 0000010010 0001110110 1111001111 1000000010
3 8
00110000 00000100 01101100
11100000 00010001 10001110
1 8
11010101
01000011
10 10
0001001010 1111000101 1010110001 0111101010 1000000000 1101111111 0100110110 1010011100 0001100011 0110011101
0101101100 1111111001 0111010110 0010001111 0010100010 1001011001 1001110000 1110001110 0000010011 1100100101
8 10
0011010101 0110011110 0011010100 0100101001 1101111010 0100110101 0001011110 1000000110
0111111010 0110000111 1000101111 0100111110 1000101001 0111000010 0101001000 0010111001
2 3
111 101
001 011
10 10
1000111111 1011001010 1100001001 0001110000 0000000110 0100110100 0011111111 1111100001 0110000100 1111011011
0010011110 0100011100 1000010011 0111100101 1100100101 1111010000 0000101110 1011111011 1011000001 0101101010
6 9
011110010 100001001 011110100 000000101 010001111 010010111
100000101 011100111 100010111 011000110 110000000 110101101
5 8
10111010 11010000 10111110 10100001 11111101
00101010 01010001 01110011 00100010 10011111
4 9
100001111 000101101 000001101 100101111
111010111 111110111 011110101 011010101
8 7
0010100 0000101 1111100 0001011 1000011 1010000 0110111 1111101
0010111 0010110 1011101 1111110 0111010 0101001 1101111 1100001
1 6
100000
000011
1 8
11100000
00111011
10 10
1000100011 1111000110 0011010101 0010101010 0001101000 1101010011 1110011110 0000101101 1110110000 0101011101
0101100111 0010010000 1000011001 0001010010 1111111100 1101101001 1110100100 1110001010 0000010111 0011101111
3 9
010100110 001101000 011000011
010000110 001011000 101011100
10 9
110010100 101001111 000100110 110101100 100011010 010010001 000110101 010100001 011010001 100110000
101010010 111111100 100100100 000001010 011011100 100110011 100101001 010111100 101111111 101001011
2 9
010100100 100001011
000011100 100001101
4 8
00001010 00111000 00000110 00110100
10111001 10001011 10110101 10000111
4 7
1000100 1001100 0000100 0001100
1100000 0101000 0100000 1101000
10 10
1001110111 0001000101 1111111001 0110111010 0111011011 0111000101 0000001010 1000101010 1110000100 1000110100
0000101010 1111011011 0110000100 0000110100 0001110111 1110111010 0111111001 1111000101 1000001010 1001000101
10 10
1101101001 1110111000 1001110010 0000110111 1011110000 1110001101 0001001000 0100001111 0010010111 0111000110
0100100101 1000001010 0001110100 0010111101 1011011011 1111000000 1000111111 0110000101 1101000010 0111111010
10 10
1100011110 1011010100 0101111010 0001101010 1110010101 0100100001 0111001111 1000100000 0011111111 1010000001
1010111001 1001010111 0100011001 0101001100 1111110010 0000001101 0110111000 0010000110 1101100111 1011100010
6 9
010010100 101110111 101000001 011011100 000111111 111011110
101000000 101100101 101000010 001111010 111010010 100111101
2 5
10111 11001
10111 11001
10 10
0100110010 1000110100 1100111011 0011001101 0111011110 1110000101 0011000010 0000101001 1001100100 1111011011
1011100101 1100010101 1011101010 0000010011 1000001110 0001000011 0110100010 1111111001 0100011100 0111111100
10 10
1011110011 1010111001 1010100100 1101000100 0111011110 0000011001 0111000110 1100100011 0101001110 0000111001
1011000010 0000100111 0000111111 1101011000 0111011000 1101000101 0010101111 1100010010 0111111000 1010100101
1 9
100001001
011111110
10 10
0000000010 1001011001 0100010010 0011111111 1000100101 0110110100 1000101011 0111001110 1111101000 1111010101
1111111011 1011001010 0000011110 0001101100 0111100000 1100100111 1110000001 0111011101 1000110111 0000010000
2 9
000100000 110011110
001000001 001010101
7 8
10000100 00101100 11011111 00110110 01001101 11000011 10011011
11100111 10111000 01110011 00000101 11011111 11110110 11100100
5 7
0001110 1000110 1100101 0111110 0001000
1111000 0010011 1001000 0110000 1111110
5 9
011010001 111100100 111111100 011100010 011000111
010010010 001000001 110011110 001001001 000000001
10 10
0010001000 1101000001 1011100101 0100100011 0100010011 1111111010 1111111100 0010111111 0001011110 1000000100
0001001100 1010100101 0110110010 1111101000 0011110111 0101010011 1100001001 0001001010 1100111110 1010010101
4 10
0011101101 0010101100 0000111110 0000001100
1101101100 0101000001 1110101011 1101010000
10 10
1110101011 0011011000 0010000111 1001110000 0100001111 0011110101 0101111110 1100000000 1011110011 1100001100
1101011011 1011010000 0100100101 1011111101 0110001110 1100101010 0001010101 0100101001 0011010110 1010100010
4 5
11001 11111 10100 01000
00110 01101 01100 00000
5 9
010100001 001010000 111011001 110110101 000100110
000111010 111001111 011100011 001101001 110101111
10 10
1101111010 0100101100 1011111001 0110011110 1001000001 1110100101 0001010011 0110100100 1000010111 0011001010
1000101110 0010100101 0101000011 0111001011 1010010110 0111110001 0000111100 1100010101 1001111000 1111001010
1 3
010
000
10 10
0110010101 0110001110 1001000111 0110111011 1101010101 0100100100 0000110001 1001111000 1011001010 1011101010
1010011110 1010101011 0111001111 1010110000 1000000001 0101011101 0111101111 0101100010 0001110000 1100010100
8 8
10001110 11100110 01110110 11100011 00011110 11100101 10001011 10001101
00011001 10001100 01110001 10001010 11100001 11100010 11100100 10001001
6 7
0011100 1001101 0001101 1011100 0010000 1010000
1010110 0011010 1011010 0000111 0010110 1000111
4 5
00011 10111 11010 10000
01111 11100 10110 11011
6 8
10011110 10110001 10001110 10100110 10011001 10110110
00011110 00001001 00100001 00011001 00110110 00110001
10 10
0001010100 0110011101 1101110001 0111101111 0010011010 1001000000 1100110111 1001101001 0010001010 1110100110
0110100001 0010100110 0111010011 1101001101 1100001011 1001010101 0010110110 0001101000 1001111100 1110011010
6 8
01101000 00001100 01111000 10100111 00011100 10110111
11110010 00101101 10000110 10010110 00111101 11100010
2 9
110111011 011010001
101101010 000000000
2 5
00010 01011
10000 11001
3 8
10110011 10111110 01111111
00000010 00010100 10011001
3 10
1111100101 1010101010 0000100010
1111010101 1010011010 0101011101
4 4
1111 1110 0111 1011
0100 0001 1010 0110
2 6
111000 111011
000011 000000
2 7
1110010 1110001
0101101 0101110
5 4
0010 0111 0011 1101 1100
1001 1100 0110 0111 1000
10 6
000110 111101 100011 101001 001110 100101 011101 011001 110100 001100
101001 000111 011000 111001 001001 011100 001010 111101 010110 101110
4 7
0010101 1101010 0001011 1110100
0010101 1101010 0001011 1110100
10 10
0101011100 0111100101 1100110101 0011001011 1001011001 0110111000 1001110110 0100100111 1010000010 1010001010
0101101010 0101100010 0110110001 1010110100 0110011110 1000001101 1001010000 0011011101 1011001111 1100100011
5 4
1111 1110 0010 1100 0111
1011 0110 1000 0011 1010
8 6
100111 011010 001011 110110 010000 110100 000001 100101
011010 111110 101111 101101 000001 111100 010000 001011
