2000 784
572 267
967 465
255 384
321 585
537 418
435 869
101 230
808 398
203 445
577 900
278 1000
272 481
27 914
193 386
908 651
449 748
647 137
878 638
210 695
790 943
642 659
958 709
320 443
330 652
494 136
715 463
381 543
83 386
742 689
187 304
589 460
912 232
625 993
160 677
62 830
84 803
721 690
164 716
688 864
987 479
351 900
563 642
343 237
676 183
772 895
71 777
125 123
251 162
424 225
277 287
497 306
237 532
759 871
1000 25
487 551
438 562
407 181
573 69
333 652
982 948
715 701
378 838
225 841
489 542
913 140
213 888
36 465
599 305
440 64
330 755
180 139
287 446
195 100
213 460
1 769
696 2
724 703
454 528
338 134
433 338
621 789
271 654
146 961
538 304
671 790
537 361
338 653
580 57
483 916
377 276
222 106
594 753
650 693
681 873
202 291
809 623
698 66
98 816
606 517
378 171
347 625
368 247
817 560
565 460
852 742
40 648
81 88
96 749
440 695
947 115
646 43
637 959
118 46
981 196
115 916
592 703
377 857
37 618
183 87
695 873
535 513
180 543
114 670
90 23
780 239
375 199
643 501
868 36
144 577
372 10
168 250
246 806
951 390
569 587
392 778
883 930
497 198
928 184
797 205
993 658
995 893
293 497
613 341
252 562
26 119
688 906
160 419
689 694
60 899
401 532
713 300
7 195
770 273
986 717
284 574
70 611
187 35
461 794
970 238
485 396
970 837
332 258
753 875
497 342
272 226
230 703
908 507
667 924
29 426
285 132
401 550
6 797
641 890
540 519
928 551
570 943
335 939
993 716
491 619
666 182
745 43
114 78
657 746
183 74
438 534
903 433
880 426
720 404
458 799
817 226
553 257
461 780
103 269
170 990
668 451
49 54
501 749
817 470
234 421
862 572
721 871
213 52
849 883
426 475
463 755
183 325
60 138
939 558
578 151
970 903
434 465
60 409
950 623
409 881
438 798
487 823
500 577
308 526
574 113
964 730
340 178
352 63
373 210
735 130
346 472
132 681
165 797
603 756
654 232
115 111
763 67
87 473
878 373
651 406
447 194
356 643
35 945
336 758
917 414
922 941
483 27
325 497
79 620
272 364
351 80
415 616
830 652
934 426
270 530
994 434
223 710
630 766
398 663
167 276
677 547
534 665
17 114
674 266
93 393
794 212
226 514
391 608
61 769
797 102
492 78
535 959
513 619
882 304
77 203
875 768
495 445
454 95
631 366
551 688
945 359
716 189
431 875
322 418
612 234
451 951
83 279
330 604
521 382
596 943
669 481
706 647
628 422
539 281
621 849
613 541
552 290
353 543
853 903
543 101
537 531
430 214
902 338
957 190
32 332
216 920
109 474
601 822
542 954
1000 914
109 400
83 228
629 484
977 584
138 389
530 289
227 107
32 944
947 371
419 902
657 296
955 351
322 513
916 176
970 607
32 964
497 217
292 569
550 14
260 632
961 81
261 303
83 949
574 254
447 619
317 703
313 467
866 812
111 801
396 304
210 230
702 573
173 704
457 844
465 224
968 215
543 835
808 502
440 376
894 845
193 918
252 12
972 525
161 150
310 195
401 487
679 388
61 187
477 554
728 86
662 475
902 528
428 17
184 899
745 113
111 759
122 409
487 621
642 11
779 575
174 236
378 928
712 38
546 949
899 98
464 634
182 143
87 120
496 160
450 7
986 593
629 393
145 508
863 854
613 952
197 971
28 426
582 231
619 478
589 328
543 894
774 913
685 869
225 858
238 865
53 957
367 517
386 767
237 121
957 0
941 722
508 479
162 752
55 136
980 518
513 17
837 560
304 486
559 48
374 113
278 954
433 841
234 666
367 28
765 109
489 976
191 178
725 321
974 471
848 497
202 923
653 65
483 879
272 349
291 588
900 226
138 875
868 330
256 959
353 222
70 5
996 239
426 23
360 876
365 136
488 514
318 93
737 264
673 124
751 473
78 894
663 193
264 354
571 527
844 764
929 300
309 977
725 970
440 431
237 0
393 874
714 216
40 3
520 790
544 664
210 596
690 124
466 627
294 299
43 68
835 454
737 383
526 47
810 477
258 918
559 607
155 910
439 190
62 381
659 88
885 792
298 267
586 686
741 950
576 954
671 489
414 222
983 275
994 557
675 876
867 466
225 493
947 354
981 566
607 146
845 11
95 824
881 147
278 978
497 847
945 297
570 820
296 136
188 225
792 881
698 3
205 894
397 408
645 223
532 245
233 93
184 208
394 437
323 542
947 393
506 967
737 705
691 452
148 452
200 942
641 395
118 588
410 478
322 385
362 723
886 382
886 827
825 762
276 259
32 205
301 562
753 871
62 842
163 237
266 168
440 852
990 691
203 668
295 827
394 315
339 772
409 116
194 946
841 72
224 712
237 379
699 851
120 232
329 827
897 851
504 842
413 618
342 43
657 259
99 2
472 768
90 783
264 556
32 477
356 3
660 100
30 84
505 109
338 290
6 626
425 389
450 643
461 896
842 122
277 279
471 892
450 72
799 693
887 6
310 563
933 260
158 954
648 674
712 667
169 545
652 713
12 235
853 668
769 353
108 964
876 710
709 827
74 639
962 237
703 452
32 392
190 35
903 617
10 615
798 579
857 710
179 969
997 160
297 494
617 928
316 182
429 20
251 461
7 537
288 480
109 288
597 387
697 891
394 90
509 544
844 126
814 915
377 835
388 680
134 998
889 340
532 437
497 833
413 891
148 317
842 594
694 303
350 637
90 898
408 123
37 553
900 561
567 150
684 721
718 661
654 401
823 863
291 149
884 845
381 22
200 87
438 885
710 909
385 582
462 26
202 549
283 735
595 101
950 976
203 652
141 181
516 597
21 320
439 467
542 998
445 199
486 841
289 74
797 624
594 949
987 782
976 883
259 983
4 184
542 460
980 175
781 633
421 695
701 366
207 480
742 893
494 72
16 26
901 825
961 802
971 937
801 87
576 158
92 25
764 957
365 389
514 513
327 76
43 838
201 986
549 689
477 463
751 723
808 378
212 518
790 615
163 649
134 431
461 17
61 728
432 24
823 714
537 966
889 855
206 262
736 261
724 715
130 890
763 32
450 990
1 287
936 286
274 780
688 246
899 57
880 632
106 451
894 249
31 566
85 440
304 603
403 388
127 272
381 775
645 307
923 636
522 289
829 569
913 546
267 553
432 412
230 753
287 4
574 627
498 981
407 549
986 457
433 933
376 380
365 556
561 150
661 352
401 238
661 479
497 875
659 843
587 602
558 620
992 651
571 492
479 664
801 493
76 191
700 347
643 832
91 178
471 580
878 258
790 182
602 276
805 840
759 220
826 618
101 572
116 307
243 957
327 263
528 788
757 2
472 734
233 904
99 12
113 407
126 633
750 530
277 696
776 338
960 787
758 269
176 304
54 832
794 298
229 269
257 10
991 225
419 854
426 329
370 23
252 854
121 240
907 330
488 431
565 32
773 280
600 766
719 656
559 277
713 911
471 922
419 902
196 897
866 394
550 510
488 189
158 425
803 903
341 802
188 863
841 534
712 964
881 566
66 661
857 384
471 503
966 361
797 727
182 560
296 477
323 983
51 169
354 33
656 329
736 108
709 41
341 834
422 761
397 464
995 836
10 330
461 551
14 34
383 880
315 324
112 425
428 134
336 226
599 370
277 189
772 391
226 919
670 991
60 645
430 934
5 729
539 724
188 999
337 345
472 741
953 181
635 771
353 170
203 391
132 527
192 435
770 42
491 830
356 63
926 275
194 714
861 711
274 856
715 203
335 557
13 783
116 557
358 524
469 327
263 886
161 865
926 883
594 238
799 223
147 298
337 888
550 655
369 19
482 193
354 142
615 952
207 926
419 122
459 680
364 341
283 787
598 143
312 32
789 714
216 643
568 561
765 430
961 806
424 53
219 128
609 860
760 226
352 144
247 860
547 985
430 159
853 953
52 887
70 145
978 794
52 961
718 22
209 949
701 759
288 920
956 973
365 165
348 149
949 328
177 363
673 947
690 914
292 183
68 7
618 570
512 667
583 857
323 91
836 229
315 234
129 219
434 208
336 589
225 466
42 382
662 404
582 100
884 127
813 647
614 680
135 315
360 921
25 550
43 604
845 683
325 930
808 100
784 982
755 575
20 48
827 585
951 738
216 516
803 189
931 543
822 460
891 876
260 313
760 783
15 251
611 483
185 600
910 547
887 852
313 938
926 300
489 198
272 165
477 569
872 63
127 25
979 659
800 309
107 806
804 48
661 270
59 956
495 409
38 924
993 788
357 560
706 808
309 319
255 842
219 944
978 256
760 368
761 965
249 561
607 839
539 75
737 374
294 213
455 514
344 771
580 415
328 343
978 248
9 990
608 836
516 905
560 35
220 388
728 316
159 37
166 863
681 559
637 940
480 45
574 909
316 847
472 514
456 404
725 539
355 551
46 939
158 801
939 894
352 110
60 19
304 433
38 113
501 138
942 438
973 56
630 511
815 423
204 764
701 532
71 242
998 252
470 725
411 838
899 262
104 689
549 128
879 803
723 641
307 635
224 124
698 52
873 509
358 828
632 743
946 884
301 216
578 105
385 864
16 80
523 481
450 575
832 57
314 893
606 590
161 528
97 970
780 678
489 947
662 241
800 174
439 935
128 523
72 992
587 673
452 725
275 11
540 936
887 461
349 709
861 728
856 689
518 844
423 303
303 570
418 736
53 423
486 680
219 579
393 16
83 934
433 604
332 903
121 324
771 352
341 347
587 219
133 362
340 953
44 167
741 913
341 575
406 243
393 84
960 557
238 120
273 950
669 955
170 509
192 600
605 476
843 66
212 659
167 396
112 523
646 758
35 638
443 753
150 776
658 782
478 41
183 932
371 852
867 428
393 454
918 91
821 932
410 615
135 348
280 726
135 736
453 454
683 134
580 792
725 794
414 26
916 932
40 874
85 165
988 353
819 847
788 23
640 40
675 803
620 823
919 103
758 908
789 413
154 349
229 783
825 202
121 893
948 595
447 523
544 612
748 250
810 748
29 179
825 474
660 329
944 631
876 78
932 933
204 709
853 886
533 683
771 782
510 726
552 270
722 211
474 175
380 591
859 886
267 824
658 625
351 860
790 364
767 231
13 961
863 717
318 337
578 856
119 188
770 840
28 720
960 889
625 407
634 815
420 622
439 871
185 224
506 347
895 935
755 656
816 335
162 753
690 887
939 870
531 200
999 470
276 134
379 222
447 989
30 588
994 166
948 300
709 219
731 610
946 98
517 687
908 776
625 963
410 139
454 538
879 212
887 976
304 285
926 962
17 536
370 320
457 43
81 833
518 892
792 155
722 243
475 884
170 815
17 459
187 218
275 212
620 987
667 281
10 929
116 535
219 668
483 922
647 810
671 841
886 233
182 257
492 408
267 263
594 480
737 707
198 103
139 331
402 648
302 587
197 459
139 916
164 307
240 823
197 16
0 524
306 562
945 276
661 567
471 778
332 231
438 164
550 222
917 210
937 931
930 313
845 812
204 721
873 244
802 231
617 428
968 325
981 403
735 241
664 155
576 50
3 142
917 168
989 292
390 87
102 675
551 302
630 616
139 571
200 947
126 647
625 487
500 601
561 601
138 672
110 847
209 352
243 338
232 72
853 409
292 415
319 578
979 268
697 599
238 700
11 617
726 626
733 29
209 538
137 700
239 651
184 585
609 839
505 678
95 636
286 391
594 408
158 184
25 496
677 238
363 802
612 505
666 789
80 251
307 324
477 561
440 154
285 860
346 25
112 689
496 660
692 367
36 833
204 138
946 794
962 668
288 149
419 463
828 89
515 925
765 568
513 235
524 623
925 235
300 527
560 755
580 877
446 616
924 54
175 680
132 693
220 827
304 941
894 761
405 321
926 860
723 964
86 86
975 789
874 128
883 28
67 544
781 84
847 663
151 330
280 391
55 897
173 868
61 911
713 141
666 888
826 630
156 217
930 164
547 752
556 838
509 527
378 701
199 540
332 615
498 352
839 192
454 980
610 806
671 185
199 130
955 805
189 525
781 206
915 824
77 302
694 823
323 807
814 775
237 590
932 755
159 42
142 591
782 342
661 424
54 390
1000 600
946 974
530 778
218 408
534 598
558 498
206 228
172 172
574 410
469 564
976 379
533 598
572 178
897 406
318 427
539 5
6 573
149 688
234 25
403 562
643 323
449 487
350 669
829 431
289 774
781 912
54 893
259 780
956 376
4 67
203 844
711 973
537 284
670 396
148 24
250 589
449 504
250 588
119 252
464 123
825 248
744 585
226 145
502 465
190 432
852 395
592 680
510 550
764 493
204 718
405 616
558 767
754 946
315 610
889 858
375 2
324 357
245 684
473 27
487 433
101 671
167 582
684 823
579 422
384 38
302 703
515 948
175 139
437 616
921 428
309 669
952 770
523 960
371 338
411 306
288 412
560 987
353 145
117 194
866 51
554 653
868 345
690 931
411 194
199 773
581 814
454 947
908 54
291 674
536 847
248 719
865 377
844 596
431 376
749 153
466 290
59 17
916 347
434 963
695 778
551 336
620 504
215 60
750 644
439 571
857 68
992 312
344 86
253 26
229 40
667 150
728 232
748 75
578 129
373 889
489 260
48 509
985 530
947 767
501 967
767 107
790 52
906 36
563 882
977 372
831 328
465 629
594 322
199 588
355 96
336 222
448 965
789 648
315 792
360 737
678 822
369 304
8 934
220 581
848 730
203 786
262 54
762 180
209 712
659 950
624 147
693 604
831 826
145 389
259 882
675 333
510 363
184 188
531 67
88 471
54 516
487 228
436 109
973 948
759 865
209 239
389 438
933 526
162 315
758 16
43 162
7 642
417 330
798 474
103 415
794 402
856 589
361 463
343 157
328 278
576 414
201 538
294 397
499 289
144 607
770 86
286 88
18 746
731 527
492 496
826 185
211 838
271 554
206 305
499 589
144 625
483 268
927 485
870 984
873 225
815 998
321 297
68 786
813 258
667 556
551 399
36 719
511 845
462 317
356 120
630 722
347 705
398 970
547 85
42 204
907 159
964 578
287 614
250 874
77 97
553 799
810 566
439 628
121 186
760 380
470 566
619 245
238 895
175 298
271 774
887 875
403 129
787 147
263 641
35 542
485 518
299 648
456 309
482 183
933 662
956 383
143 594
699 929
520 894
710 127
781 720
634 631
954 345
806 383
810 238
796 874
333 384
121 988
83 798
991 953
754 700
838 900
773 696
894 565
559 617
283 535
906 392
923 193
17 413
20 265
938 402
130 422
442 704
516 926
994 248
46 688
28 197
974 477
670 399
708 175
917 358
163 156
554 363
308 879
256 793
326 737
850 379
187 38
301 404
484 775
744 357
114 462
785 610
750 939
424 14
76 456
109 184
453 789
889 372
13 364
118 520
172 630
930 43
230 941
464 359
4 284
955 985
426 57
846 293
658 917
521 635
547 481
637 597
188 253
748 635
935 698
669 171
474 831
979 518
459 43
192 669
758 122
357 87
609 604
290 95
827 656
204 380
733 649
248 429
685 497
332 399
899 563
673 74
774 702
709 43
69 533
352 190
97 604
99 911
564 468
155 195
814 50
587 895
998 890
465 1
142 951
121 760
165 791
933 782
651 746
479 104
578 692
562 310
277 678
290 412
599 385
401 194
637 946
21 95
400 106
349 527
486 135
59 714
183 121
866 780
385 530
287 800
385 973
585 979
923 152
812 957
805 854
112 458
64 671
711 167
887 882
525 761
473 520
974 473
596 219
340 460
865 851
5 463
594 323
974 983
754 181
359 243
688 770
961 707
146 845
570 814
736 426
451 907
32 625
257 22
492 935
758 332
752 156
875 539
79 767
971 480
564 992
755 493
49 315
911 855
6 413
347 747
245 777
938 768
871 381
796 930
918 814
386 488
888 213
238 699
802 219
650 773
435 870
489 886
116 92
180 101
873 942
982 444
681 250
921 153
319 735
138 403
624 866
942 321
960 26
536 221
377 570
311 337
217 387
529 237
918 519
444 277
368 165
221 136
463 141
478 527
428 505
932 604
76 572
425 492
410 5
540 604
893 6
130 102
253 886
367 944
919 459
295 424
42 777
486 61
613 673
104 916
322 491
591 206
709 153
200 141
595 389
846 446
976 588
50 981
346 210
326 158
898 114
954 648
164 475
982 957
445 194
229 59
793 825
231 204
427 75
330 357
199 908
611 563
111 69
929 641
989 684
105 230
77 158
222 201
749 255
64 808
505 639
988 815
150 582
839 971
366 819
159 892
896 708
545 361
208 982
935 540
836 347
589 387
504 128
694 826
853 955
858 850
769 214
241 809
324 636
706 572
893 887
145 127
255 518
147 460
416 952
189 202
424 434
891 670
680 61
212 346
104 47
109 805
77 359
849 344
205 765
97 320
861 70
945 290
911 67
198 564
194 279
669 746
152 105
663 118
437 381
580 508
492 686
316 389
839 943
185 549
252 7
187 592
117 961
744 917
966 757
497 584
630 763
341 660
499 430
643 204
75 36
512 68
400 999
77 52
959 712
916 783
333 271
228 877
256 710
841 571
657 576
851 11
1 775
570 838
499 617
456 519
735 888
851 140
896 630
717 981
43 995
10 288
831 186
983 97
624 48
483 811
264 273
314 537
600 587
756 849
467 495
671 704
31 346
16 779
261 536
144 340
837 649
22 97
986 214
397 161
573 541
946 399
272 774
681 927
795 942
229 473
971 247
94 637
933 262
722 823
787 29
970 775
914 262
601 179
497 3
531 777
971 106
865 777
784 851
218 139
352 885
402 472
52 389
330 867
890 61
926 991
802 71
868 153
621 603
267 850
372 996
730 505
947 773
824 772
176 41
661 703
0 834
159 627
709 1
577 299
216 131
42 214
961 818
191 568
274 320
432 420
24 281
58 78
906 699
185 568
15 816
446 334
250 906
506 8
608 213
679 130
721 463
401 235
782 411
837 578
595 895
666 103
620 708
969 953
779 428
170 924
220 0
209 812
458 494
460 507
64 930
432 29
582 533
