50
10
0.88 0.85 0.35 0.15 0.65 0.82 0.50 0.56 0.18 0.59
0.26 0.97 0.21 0.91 0.41 0.71 0.76 0.94 0.24 0.29
10
0.12 0.56 0.28 0.08 0.76 0.92 0.16 0.04 0.96 0.44
0.32 0.52 0.24 0.60 0.72 0.64 0.20 0.68 0.84 0.48
4
0.16 0.42 0.11 0.74
0.58 0.47 0.95 0.89
10
0.94 0.49 0.08 0.41 0.52 0.29 0.50 0.65 0.03 0.54
0.33 0.14 0.34 0.46 0.99 0.43 0.30 0.02 0.78 0.98
10
0.286 0.214 0.330 0.973 0.393 0.571 0.196 0.411 0.679 0.920
0.348 0.455 0.768 0.268 0.366 0.116 0.991 0.955 0.473 0.946
10
0.333 0.658 0.508 0.250 0.867 0.558 0.850 0.767 0.233 0.808
0.075 0.100 0.192 0.642 0.833 0.150 0.517 0.967 0.575 0.067
10
0.14 0.68 0.24 0.30 0.44 0.52 0.78 0.04 0.08 0.76
0.94 0.98 0.62 0.16 0.26 0.50 0.88 0.10 0.06 0.92
6
0.56 0.68 0.17 0.36 0.26 0.85
0.42 0.39 0.18 0.20 0.05 0.95
8
0.13 0.77 0.39 0.87 0.23 0.74 0.97 0.29
0.55 0.16 0.32 0.68 0.71 0.10 0.26 0.84
4
0.15 0.04 0.81 0.70
0.85 0.30 0.78 0.33
10
0.41 0.84 0.46 0.19 0.59 0.95 0.43 0.51 0.11 0.97
0.38 0.62 0.89 0.76 0.49 0.14 0.68 0.30 0.03 0.92
10
0.78 0.06 0.93 0.46 0.86 0.16 0.79 0.55 0.90 0.26
0.01 0.89 0.33 0.60 0.81 0.76 0.37 0.98 0.31 0.85
10
0.16 0.88 0.14 0.77 0.37 0.86 0.07 0.81 0.93 0.98
0.72 0.44 0.28 0.02 0.25 0.46 0.42 0.23 0.96 0.49
10
0.47 0.44 0.42 0.38 0.61 0.39 0.52 0.58 0.77 0.89
0.15 0.30 0.29 0.35 0.20 0.06 0.36 0.11 0.09 0.23
3
0.4 0.2 0.1
0.9 0.3 0.7
10
0.10 0.31 0.51 0.48 0.43 0.66 0.07 0.97 0.95 0.30
0.96 0.09 0.23 0.91 0.64 0.94 0.35 0.44 0.53 0.54
10
0.22 0.28 0.13 0.27 0.42 0.47 0.58 0.57 0.56 0.12
0.71 0.98 0.95 0.77 0.73 0.97 0.80 0.83 0.63 0.67
1
0.9
0.1
10
0.08 0.20 0.52 0.45 0.61 0.36 0.94 0.17 0.33 0.05
0.02 0.27 0.06 0.80 0.97 0.18 0.23 0.64 0.03 0.67
10
0.96 0.93 0.86 0.67 0.81 0.66 0.64 0.89 0.94 0.99
0.36 0.37 0.57 0.19 0.31 0.53 0.17 0.44 0.63 0.01
4
0.65 0.50 0.94 0.79
0.15 0.21 0.32 0.41
10
0.57 0.05 0.22 0.38 0.84 0.55 0.97 0.62 0.36 0.17
0.34 0.47 0.66 0.33 0.16 0.98 0.29 0.50 0.48 0.28
5
0.63 0.94 0.57 0.60 0.40
0.03 0.23 0.09 0.34 0.37
10
0.374 0.652 0.617 0.974 0.704 0.678 0.435 0.461 0.052 0.426
0.826 0.148 0.487 0.357 0.661 0.626 0.930 0.878 0.478 0.896
10
0.38 0.23 0.08 0.50 0.96 0.04 0.62 0.81 0.27 0.46
0.19 0.58 0.73 0.42 0.69 0.54 0.65 0.15 0.77 0.35
2
0.1 0.4
0.3 0.9
6
0.27 0.47 0.80 0.20 0.93 0.33
0.87 0.73 0.40 0.07 0.60 0.67
10
0.40 0.05 0.38 0.78 0.93 0.68 0.03 0.62 0.56 0.46
0.92 0.51 0.91 0.80 0.82 0.99 0.06 0.43 0.33 0.90
10
0.67 0.46 0.95 0.13 0.56 0.87 0.82 0.97 0.54 0.77
0.33 0.72 0.08 0.79 0.69 0.64 0.90 0.23 0.74 0.62
10
0.12 0.25 0.21 0.75 0.29 0.87 0.62 0.71 0.42 0.83
0.96 0.58 0.04 0.17 0.54 0.50 0.46 0.79 0.92 0.38
10
0.73 0.40 0.50 0.33 0.83 0.10 0.17 0.27 0.20 0.93
0.23 0.53 0.07 0.77 0.43 0.57 0.37 0.67 0.90 0.03
10
0.291 0.026 0.239 0.205 0.145 0.179 0.462 0.368 0.299 0.222
0.496 0.769 0.359 0.709 0.513 0.991 0.419 0.855 0.701 0.556
10
0.46 0.67 0.48 0.20 0.22 0.07 0.72 0.26 0.15 0.17
0.09 0.43 0.33 0.83 0.96 0.35 0.80 0.93 0.70 0.28
8
0.04 0.11 0.12 0.09 0.23 0.20 0.26 0.05
0.69 0.86 0.79 0.77 0.49 0.63 0.75 0.90
3
0.17 0.58 0.89
0.86 0.19 0.39
10
0.82 0.54 0.98 0.64 0.78 0.76 0.90 0.92 0.50 0.62
0.34 0.20 0.06 0.04 0.48 0.02 0.16 0.22 0.32 0.40
3
0.55 0.27 0.45
0.82 0.73 0.64
6
0.45 0.09 0.76 0.58 0.21 0.85
0.88 0.06 0.18 0.48 0.61 0.94
1
0.8
0.3
10
0.965 0.730 0.557 0.661 0.652 0.426 0.374 0.278 0.365 0.243
0.417 0.635 0.800 0.930 0.852 0.643 0.026 0.157 0.896 0.009
5
0.66 0.52 0.14 0.83 0.97
0.10 0.62 0.86 0.21 0.45
10
0.79 0.65 0.18 0.04 0.76 0.89 0.74 0.93 0.29 0.72
0.81 0.50 0.24 0.46 0.08 0.90 0.83 0.49 0.11 0.75
3
0.16 0.03 0.66
0.88 0.59 0.69
10
0.73 0.99 0.56 0.01 0.13 0.21 0.68 0.95 0.25 0.94
0.38 0.14 0.98 0.70 0.76 0.33 0.19 0.71 0.42 0.23
4
0.06 0.34 0.09 0.22
0.47 0.41 0.75 0.66
10
0.848 0.679 0.652 0.607 0.054 0.571 0.893 0.554 0.071 0.080
0.946 0.438 0.259 0.875 0.295 0.732 0.161 0.723 0.009 0.446
10
0.85 0.18 0.92 0.82 0.26 0.46 0.05 0.64 0.10 0.28
0.72 0.51 0.69 0.77 0.54 0.74 0.95 0.08 0.03 0.97
3
0.12 0.41 0.18
0.88 0.76 0.59
10
0.83 0.13 0.65 0.48 0.43 0.87 0.91 0.22 0.78 0.61
0.57 0.96 0.26 0.17 0.52 0.35 0.09 0.30 0.70 0.04
3
0.42 0.50 0.75
0.25 0.92 0.33
